{
 "cells": [
  {
   "cell_type": "code",
   "execution_count": 81,
   "id": "55fa2108",
   "metadata": {},
   "outputs": [
    {
     "data": {
      "text/plain": [
       "2×2 Matrix{Float64}:\n",
       " 0.02  0.0\n",
       " 0.0   0.02"
      ]
     },
     "execution_count": 81,
     "metadata": {},
     "output_type": "execute_result"
    }
   ],
   "source": [
    "A = [0.02 0; 0 0.02]"
   ]
  },
  {
   "cell_type": "code",
   "execution_count": 82,
   "id": "b35baa53",
   "metadata": {},
   "outputs": [
    {
     "data": {
      "text/plain": [
       "Plots.PlotlyJSBackend()"
      ]
     },
     "execution_count": 82,
     "metadata": {},
     "output_type": "execute_result"
    }
   ],
   "source": [
    "using Plots\n",
    "plotlyjs()"
   ]
  },
  {
   "cell_type": "code",
   "execution_count": 83,
   "id": "664d32be",
   "metadata": {},
   "outputs": [
    {
     "data": {
      "application/vnd.plotly.v1+json": {
       "data": [
        {
         "colorbar": {
          "title": ""
         },
         "colorscale": [
          [
           0,
           "rgba(0, 0, 4, 1.000)"
          ],
          [
           0.00392156862745098,
           "rgba(1, 0, 5, 1.000)"
          ],
          [
           0.00784313725490196,
           "rgba(1, 1, 6, 1.000)"
          ],
          [
           0.011764705882352941,
           "rgba(1, 1, 8, 1.000)"
          ],
          [
           0.01568627450980392,
           "rgba(2, 1, 10, 1.000)"
          ],
          [
           0.0196078431372549,
           "rgba(2, 2, 12, 1.000)"
          ],
          [
           0.023529411764705882,
           "rgba(2, 2, 14, 1.000)"
          ],
          [
           0.027450980392156862,
           "rgba(3, 2, 16, 1.000)"
          ],
          [
           0.03137254901960784,
           "rgba(4, 3, 18, 1.000)"
          ],
          [
           0.03529411764705882,
           "rgba(4, 3, 20, 1.000)"
          ],
          [
           0.0392156862745098,
           "rgba(5, 4, 23, 1.000)"
          ],
          [
           0.043137254901960784,
           "rgba(6, 4, 25, 1.000)"
          ],
          [
           0.047058823529411764,
           "rgba(7, 5, 27, 1.000)"
          ],
          [
           0.050980392156862744,
           "rgba(8, 5, 29, 1.000)"
          ],
          [
           0.054901960784313725,
           "rgba(9, 6, 31, 1.000)"
          ],
          [
           0.058823529411764705,
           "rgba(10, 7, 34, 1.000)"
          ],
          [
           0.06274509803921569,
           "rgba(11, 7, 36, 1.000)"
          ],
          [
           0.06666666666666667,
           "rgba(12, 8, 38, 1.000)"
          ],
          [
           0.07058823529411765,
           "rgba(13, 8, 41, 1.000)"
          ],
          [
           0.07450980392156863,
           "rgba(14, 9, 43, 1.000)"
          ],
          [
           0.0784313725490196,
           "rgba(16, 9, 45, 1.000)"
          ],
          [
           0.08235294117647059,
           "rgba(17, 10, 48, 1.000)"
          ],
          [
           0.08627450980392157,
           "rgba(18, 10, 50, 1.000)"
          ],
          [
           0.09019607843137255,
           "rgba(20, 11, 52, 1.000)"
          ],
          [
           0.09411764705882353,
           "rgba(21, 11, 55, 1.000)"
          ],
          [
           0.09803921568627451,
           "rgba(22, 11, 57, 1.000)"
          ],
          [
           0.10196078431372549,
           "rgba(24, 12, 60, 1.000)"
          ],
          [
           0.10588235294117647,
           "rgba(25, 12, 62, 1.000)"
          ],
          [
           0.10980392156862745,
           "rgba(27, 12, 65, 1.000)"
          ],
          [
           0.11372549019607843,
           "rgba(28, 12, 67, 1.000)"
          ],
          [
           0.11764705882352941,
           "rgba(30, 12, 69, 1.000)"
          ],
          [
           0.12156862745098039,
           "rgba(31, 12, 72, 1.000)"
          ],
          [
           0.12549019607843137,
           "rgba(33, 12, 74, 1.000)"
          ],
          [
           0.12941176470588237,
           "rgba(35, 12, 76, 1.000)"
          ],
          [
           0.13333333333333333,
           "rgba(36, 12, 79, 1.000)"
          ],
          [
           0.13725490196078433,
           "rgba(38, 12, 81, 1.000)"
          ],
          [
           0.1411764705882353,
           "rgba(40, 11, 83, 1.000)"
          ],
          [
           0.1450980392156863,
           "rgba(41, 11, 85, 1.000)"
          ],
          [
           0.14901960784313725,
           "rgba(43, 11, 87, 1.000)"
          ],
          [
           0.15294117647058825,
           "rgba(45, 11, 89, 1.000)"
          ],
          [
           0.1568627450980392,
           "rgba(47, 10, 91, 1.000)"
          ],
          [
           0.1607843137254902,
           "rgba(49, 10, 92, 1.000)"
          ],
          [
           0.16470588235294117,
           "rgba(50, 10, 94, 1.000)"
          ],
          [
           0.16862745098039217,
           "rgba(52, 10, 95, 1.000)"
          ],
          [
           0.17254901960784313,
           "rgba(54, 9, 97, 1.000)"
          ],
          [
           0.17647058823529413,
           "rgba(56, 9, 98, 1.000)"
          ],
          [
           0.1803921568627451,
           "rgba(57, 9, 99, 1.000)"
          ],
          [
           0.1843137254901961,
           "rgba(59, 9, 100, 1.000)"
          ],
          [
           0.18823529411764706,
           "rgba(61, 9, 101, 1.000)"
          ],
          [
           0.19215686274509805,
           "rgba(62, 9, 102, 1.000)"
          ],
          [
           0.19607843137254902,
           "rgba(64, 10, 103, 1.000)"
          ],
          [
           0.2,
           "rgba(66, 10, 104, 1.000)"
          ],
          [
           0.20392156862745098,
           "rgba(68, 10, 104, 1.000)"
          ],
          [
           0.20784313725490197,
           "rgba(69, 10, 105, 1.000)"
          ],
          [
           0.21176470588235294,
           "rgba(71, 11, 106, 1.000)"
          ],
          [
           0.21568627450980393,
           "rgba(73, 11, 106, 1.000)"
          ],
          [
           0.2196078431372549,
           "rgba(74, 12, 107, 1.000)"
          ],
          [
           0.2235294117647059,
           "rgba(76, 12, 107, 1.000)"
          ],
          [
           0.22745098039215686,
           "rgba(77, 13, 108, 1.000)"
          ],
          [
           0.23137254901960785,
           "rgba(79, 13, 108, 1.000)"
          ],
          [
           0.23529411764705882,
           "rgba(81, 14, 108, 1.000)"
          ],
          [
           0.23921568627450981,
           "rgba(82, 14, 109, 1.000)"
          ],
          [
           0.24313725490196078,
           "rgba(84, 15, 109, 1.000)"
          ],
          [
           0.24705882352941178,
           "rgba(85, 15, 109, 1.000)"
          ],
          [
           0.25098039215686274,
           "rgba(87, 16, 110, 1.000)"
          ],
          [
           0.2549019607843137,
           "rgba(89, 16, 110, 1.000)"
          ],
          [
           0.25882352941176473,
           "rgba(90, 17, 110, 1.000)"
          ],
          [
           0.2627450980392157,
           "rgba(92, 18, 110, 1.000)"
          ],
          [
           0.26666666666666666,
           "rgba(93, 18, 110, 1.000)"
          ],
          [
           0.27058823529411763,
           "rgba(95, 19, 110, 1.000)"
          ],
          [
           0.27450980392156865,
           "rgba(97, 19, 110, 1.000)"
          ],
          [
           0.2784313725490196,
           "rgba(98, 20, 110, 1.000)"
          ],
          [
           0.2823529411764706,
           "rgba(100, 21, 110, 1.000)"
          ],
          [
           0.28627450980392155,
           "rgba(101, 21, 110, 1.000)"
          ],
          [
           0.2901960784313726,
           "rgba(103, 22, 110, 1.000)"
          ],
          [
           0.29411764705882354,
           "rgba(105, 22, 110, 1.000)"
          ],
          [
           0.2980392156862745,
           "rgba(106, 23, 110, 1.000)"
          ],
          [
           0.30196078431372547,
           "rgba(108, 24, 110, 1.000)"
          ],
          [
           0.3058823529411765,
           "rgba(109, 24, 110, 1.000)"
          ],
          [
           0.30980392156862746,
           "rgba(111, 25, 110, 1.000)"
          ],
          [
           0.3137254901960784,
           "rgba(113, 25, 110, 1.000)"
          ],
          [
           0.3176470588235294,
           "rgba(114, 26, 110, 1.000)"
          ],
          [
           0.3215686274509804,
           "rgba(116, 26, 110, 1.000)"
          ],
          [
           0.3254901960784314,
           "rgba(117, 27, 110, 1.000)"
          ],
          [
           0.32941176470588235,
           "rgba(119, 28, 109, 1.000)"
          ],
          [
           0.3333333333333333,
           "rgba(120, 28, 109, 1.000)"
          ],
          [
           0.33725490196078434,
           "rgba(122, 29, 109, 1.000)"
          ],
          [
           0.3411764705882353,
           "rgba(124, 29, 109, 1.000)"
          ],
          [
           0.34509803921568627,
           "rgba(125, 30, 109, 1.000)"
          ],
          [
           0.34901960784313724,
           "rgba(127, 30, 108, 1.000)"
          ],
          [
           0.35294117647058826,
           "rgba(128, 31, 108, 1.000)"
          ],
          [
           0.3568627450980392,
           "rgba(130, 32, 108, 1.000)"
          ],
          [
           0.3607843137254902,
           "rgba(132, 32, 107, 1.000)"
          ],
          [
           0.36470588235294116,
           "rgba(133, 33, 107, 1.000)"
          ],
          [
           0.3686274509803922,
           "rgba(135, 33, 107, 1.000)"
          ],
          [
           0.37254901960784315,
           "rgba(136, 34, 106, 1.000)"
          ],
          [
           0.3764705882352941,
           "rgba(138, 34, 106, 1.000)"
          ],
          [
           0.3803921568627451,
           "rgba(140, 35, 105, 1.000)"
          ],
          [
           0.3843137254901961,
           "rgba(141, 35, 105, 1.000)"
          ],
          [
           0.38823529411764707,
           "rgba(143, 36, 105, 1.000)"
          ],
          [
           0.39215686274509803,
           "rgba(144, 37, 104, 1.000)"
          ],
          [
           0.396078431372549,
           "rgba(146, 37, 104, 1.000)"
          ],
          [
           0.4,
           "rgba(147, 38, 103, 1.000)"
          ],
          [
           0.403921568627451,
           "rgba(149, 38, 103, 1.000)"
          ],
          [
           0.40784313725490196,
           "rgba(151, 39, 102, 1.000)"
          ],
          [
           0.4117647058823529,
           "rgba(152, 39, 102, 1.000)"
          ],
          [
           0.41568627450980394,
           "rgba(154, 40, 101, 1.000)"
          ],
          [
           0.4196078431372549,
           "rgba(155, 41, 100, 1.000)"
          ],
          [
           0.4235294117647059,
           "rgba(157, 41, 100, 1.000)"
          ],
          [
           0.42745098039215684,
           "rgba(159, 42, 99, 1.000)"
          ],
          [
           0.43137254901960786,
           "rgba(160, 42, 99, 1.000)"
          ],
          [
           0.43529411764705883,
           "rgba(162, 43, 98, 1.000)"
          ],
          [
           0.4392156862745098,
           "rgba(163, 44, 97, 1.000)"
          ],
          [
           0.44313725490196076,
           "rgba(165, 44, 96, 1.000)"
          ],
          [
           0.4470588235294118,
           "rgba(166, 45, 96, 1.000)"
          ],
          [
           0.45098039215686275,
           "rgba(168, 46, 95, 1.000)"
          ],
          [
           0.4549019607843137,
           "rgba(169, 46, 94, 1.000)"
          ],
          [
           0.4588235294117647,
           "rgba(171, 47, 94, 1.000)"
          ],
          [
           0.4627450980392157,
           "rgba(173, 48, 93, 1.000)"
          ],
          [
           0.4666666666666667,
           "rgba(174, 48, 92, 1.000)"
          ],
          [
           0.47058823529411764,
           "rgba(176, 49, 91, 1.000)"
          ],
          [
           0.4745098039215686,
           "rgba(177, 50, 90, 1.000)"
          ],
          [
           0.47843137254901963,
           "rgba(179, 50, 90, 1.000)"
          ],
          [
           0.4823529411764706,
           "rgba(180, 51, 89, 1.000)"
          ],
          [
           0.48627450980392156,
           "rgba(182, 52, 88, 1.000)"
          ],
          [
           0.49019607843137253,
           "rgba(183, 53, 87, 1.000)"
          ],
          [
           0.49411764705882355,
           "rgba(185, 53, 86, 1.000)"
          ],
          [
           0.4980392156862745,
           "rgba(186, 54, 85, 1.000)"
          ],
          [
           0.5019607843137255,
           "rgba(188, 55, 84, 1.000)"
          ],
          [
           0.5058823529411764,
           "rgba(189, 56, 83, 1.000)"
          ],
          [
           0.5098039215686274,
           "rgba(191, 57, 82, 1.000)"
          ],
          [
           0.5137254901960784,
           "rgba(192, 58, 81, 1.000)"
          ],
          [
           0.5176470588235295,
           "rgba(193, 58, 80, 1.000)"
          ],
          [
           0.5215686274509804,
           "rgba(195, 59, 79, 1.000)"
          ],
          [
           0.5254901960784314,
           "rgba(196, 60, 78, 1.000)"
          ],
          [
           0.5294117647058824,
           "rgba(198, 61, 77, 1.000)"
          ],
          [
           0.5333333333333333,
           "rgba(199, 62, 76, 1.000)"
          ],
          [
           0.5372549019607843,
           "rgba(200, 63, 75, 1.000)"
          ],
          [
           0.5411764705882353,
           "rgba(202, 64, 74, 1.000)"
          ],
          [
           0.5450980392156862,
           "rgba(203, 65, 73, 1.000)"
          ],
          [
           0.5490196078431373,
           "rgba(204, 66, 72, 1.000)"
          ],
          [
           0.5529411764705883,
           "rgba(206, 67, 71, 1.000)"
          ],
          [
           0.5568627450980392,
           "rgba(207, 68, 70, 1.000)"
          ],
          [
           0.5607843137254902,
           "rgba(208, 69, 69, 1.000)"
          ],
          [
           0.5647058823529412,
           "rgba(210, 70, 68, 1.000)"
          ],
          [
           0.5686274509803921,
           "rgba(211, 71, 67, 1.000)"
          ],
          [
           0.5725490196078431,
           "rgba(212, 72, 66, 1.000)"
          ],
          [
           0.5764705882352941,
           "rgba(213, 74, 65, 1.000)"
          ],
          [
           0.5803921568627451,
           "rgba(215, 75, 63, 1.000)"
          ],
          [
           0.5843137254901961,
           "rgba(216, 76, 62, 1.000)"
          ],
          [
           0.5882352941176471,
           "rgba(217, 77, 61, 1.000)"
          ],
          [
           0.592156862745098,
           "rgba(218, 78, 60, 1.000)"
          ],
          [
           0.596078431372549,
           "rgba(219, 80, 59, 1.000)"
          ],
          [
           0.6,
           "rgba(221, 81, 58, 1.000)"
          ],
          [
           0.6039215686274509,
           "rgba(222, 82, 56, 1.000)"
          ],
          [
           0.6078431372549019,
           "rgba(223, 83, 55, 1.000)"
          ],
          [
           0.611764705882353,
           "rgba(224, 85, 54, 1.000)"
          ],
          [
           0.615686274509804,
           "rgba(225, 86, 53, 1.000)"
          ],
          [
           0.6196078431372549,
           "rgba(226, 87, 52, 1.000)"
          ],
          [
           0.6235294117647059,
           "rgba(227, 89, 51, 1.000)"
          ],
          [
           0.6274509803921569,
           "rgba(228, 90, 49, 1.000)"
          ],
          [
           0.6313725490196078,
           "rgba(229, 92, 48, 1.000)"
          ],
          [
           0.6352941176470588,
           "rgba(230, 93, 47, 1.000)"
          ],
          [
           0.6392156862745098,
           "rgba(231, 94, 46, 1.000)"
          ],
          [
           0.6431372549019608,
           "rgba(232, 96, 45, 1.000)"
          ],
          [
           0.6470588235294118,
           "rgba(233, 97, 43, 1.000)"
          ],
          [
           0.6509803921568628,
           "rgba(234, 99, 42, 1.000)"
          ],
          [
           0.6549019607843137,
           "rgba(235, 100, 41, 1.000)"
          ],
          [
           0.6588235294117647,
           "rgba(235, 102, 40, 1.000)"
          ],
          [
           0.6627450980392157,
           "rgba(236, 103, 38, 1.000)"
          ],
          [
           0.6666666666666666,
           "rgba(237, 105, 37, 1.000)"
          ],
          [
           0.6705882352941176,
           "rgba(238, 106, 36, 1.000)"
          ],
          [
           0.6745098039215687,
           "rgba(239, 108, 35, 1.000)"
          ],
          [
           0.6784313725490196,
           "rgba(239, 110, 33, 1.000)"
          ],
          [
           0.6823529411764706,
           "rgba(240, 111, 32, 1.000)"
          ],
          [
           0.6862745098039216,
           "rgba(241, 113, 31, 1.000)"
          ],
          [
           0.6901960784313725,
           "rgba(241, 115, 29, 1.000)"
          ],
          [
           0.6941176470588235,
           "rgba(242, 116, 28, 1.000)"
          ],
          [
           0.6980392156862745,
           "rgba(243, 118, 27, 1.000)"
          ],
          [
           0.7019607843137254,
           "rgba(243, 120, 25, 1.000)"
          ],
          [
           0.7058823529411765,
           "rgba(244, 121, 24, 1.000)"
          ],
          [
           0.7098039215686275,
           "rgba(245, 123, 23, 1.000)"
          ],
          [
           0.7137254901960784,
           "rgba(245, 125, 21, 1.000)"
          ],
          [
           0.7176470588235294,
           "rgba(246, 126, 20, 1.000)"
          ],
          [
           0.7215686274509804,
           "rgba(246, 128, 19, 1.000)"
          ],
          [
           0.7254901960784313,
           "rgba(247, 130, 18, 1.000)"
          ],
          [
           0.7294117647058823,
           "rgba(247, 132, 16, 1.000)"
          ],
          [
           0.7333333333333333,
           "rgba(248, 133, 15, 1.000)"
          ],
          [
           0.7372549019607844,
           "rgba(248, 135, 14, 1.000)"
          ],
          [
           0.7411764705882353,
           "rgba(248, 137, 12, 1.000)"
          ],
          [
           0.7450980392156863,
           "rgba(249, 139, 11, 1.000)"
          ],
          [
           0.7490196078431373,
           "rgba(249, 140, 10, 1.000)"
          ],
          [
           0.7529411764705882,
           "rgba(249, 142, 9, 1.000)"
          ],
          [
           0.7568627450980392,
           "rgba(250, 144, 8, 1.000)"
          ],
          [
           0.7607843137254902,
           "rgba(250, 146, 7, 1.000)"
          ],
          [
           0.7647058823529411,
           "rgba(250, 148, 7, 1.000)"
          ],
          [
           0.7686274509803922,
           "rgba(251, 150, 6, 1.000)"
          ],
          [
           0.7725490196078432,
           "rgba(251, 151, 6, 1.000)"
          ],
          [
           0.7764705882352941,
           "rgba(251, 153, 6, 1.000)"
          ],
          [
           0.7803921568627451,
           "rgba(251, 155, 6, 1.000)"
          ],
          [
           0.7843137254901961,
           "rgba(251, 157, 7, 1.000)"
          ],
          [
           0.788235294117647,
           "rgba(252, 159, 7, 1.000)"
          ],
          [
           0.792156862745098,
           "rgba(252, 161, 8, 1.000)"
          ],
          [
           0.796078431372549,
           "rgba(252, 163, 9, 1.000)"
          ],
          [
           0.8,
           "rgba(252, 165, 10, 1.000)"
          ],
          [
           0.803921568627451,
           "rgba(252, 166, 12, 1.000)"
          ],
          [
           0.807843137254902,
           "rgba(252, 168, 13, 1.000)"
          ],
          [
           0.8117647058823529,
           "rgba(252, 170, 15, 1.000)"
          ],
          [
           0.8156862745098039,
           "rgba(252, 172, 17, 1.000)"
          ],
          [
           0.8196078431372549,
           "rgba(252, 174, 18, 1.000)"
          ],
          [
           0.8235294117647058,
           "rgba(252, 176, 20, 1.000)"
          ],
          [
           0.8274509803921568,
           "rgba(252, 178, 22, 1.000)"
          ],
          [
           0.8313725490196079,
           "rgba(252, 180, 24, 1.000)"
          ],
          [
           0.8352941176470589,
           "rgba(251, 182, 26, 1.000)"
          ],
          [
           0.8392156862745098,
           "rgba(251, 184, 29, 1.000)"
          ],
          [
           0.8431372549019608,
           "rgba(251, 186, 31, 1.000)"
          ],
          [
           0.8470588235294118,
           "rgba(251, 188, 33, 1.000)"
          ],
          [
           0.8509803921568627,
           "rgba(251, 190, 35, 1.000)"
          ],
          [
           0.8549019607843137,
           "rgba(250, 192, 38, 1.000)"
          ],
          [
           0.8588235294117647,
           "rgba(250, 194, 40, 1.000)"
          ],
          [
           0.8627450980392157,
           "rgba(250, 196, 42, 1.000)"
          ],
          [
           0.8666666666666667,
           "rgba(250, 198, 45, 1.000)"
          ],
          [
           0.8705882352941177,
           "rgba(249, 199, 47, 1.000)"
          ],
          [
           0.8745098039215686,
           "rgba(249, 201, 50, 1.000)"
          ],
          [
           0.8784313725490196,
           "rgba(249, 203, 53, 1.000)"
          ],
          [
           0.8823529411764706,
           "rgba(248, 205, 55, 1.000)"
          ],
          [
           0.8862745098039215,
           "rgba(248, 207, 58, 1.000)"
          ],
          [
           0.8901960784313725,
           "rgba(247, 209, 61, 1.000)"
          ],
          [
           0.8941176470588236,
           "rgba(247, 211, 64, 1.000)"
          ],
          [
           0.8980392156862745,
           "rgba(246, 213, 67, 1.000)"
          ],
          [
           0.9019607843137255,
           "rgba(246, 215, 70, 1.000)"
          ],
          [
           0.9058823529411765,
           "rgba(245, 217, 73, 1.000)"
          ],
          [
           0.9098039215686274,
           "rgba(245, 219, 76, 1.000)"
          ],
          [
           0.9137254901960784,
           "rgba(244, 221, 79, 1.000)"
          ],
          [
           0.9176470588235294,
           "rgba(244, 223, 83, 1.000)"
          ],
          [
           0.9215686274509803,
           "rgba(244, 225, 86, 1.000)"
          ],
          [
           0.9254901960784314,
           "rgba(243, 227, 90, 1.000)"
          ],
          [
           0.9294117647058824,
           "rgba(243, 229, 93, 1.000)"
          ],
          [
           0.9333333333333333,
           "rgba(242, 230, 97, 1.000)"
          ],
          [
           0.9372549019607843,
           "rgba(242, 232, 101, 1.000)"
          ],
          [
           0.9411764705882353,
           "rgba(242, 234, 105, 1.000)"
          ],
          [
           0.9450980392156862,
           "rgba(241, 236, 109, 1.000)"
          ],
          [
           0.9490196078431372,
           "rgba(241, 237, 113, 1.000)"
          ],
          [
           0.9529411764705882,
           "rgba(241, 239, 117, 1.000)"
          ],
          [
           0.9568627450980393,
           "rgba(241, 241, 121, 1.000)"
          ],
          [
           0.9607843137254902,
           "rgba(242, 242, 125, 1.000)"
          ],
          [
           0.9647058823529412,
           "rgba(242, 244, 130, 1.000)"
          ],
          [
           0.9686274509803922,
           "rgba(243, 245, 134, 1.000)"
          ],
          [
           0.9725490196078431,
           "rgba(243, 246, 138, 1.000)"
          ],
          [
           0.9764705882352941,
           "rgba(244, 248, 142, 1.000)"
          ],
          [
           0.9803921568627451,
           "rgba(245, 249, 146, 1.000)"
          ],
          [
           0.984313725490196,
           "rgba(246, 250, 150, 1.000)"
          ],
          [
           0.9882352941176471,
           "rgba(248, 251, 154, 1.000)"
          ],
          [
           0.9921568627450981,
           "rgba(249, 252, 157, 1.000)"
          ],
          [
           0.996078431372549,
           "rgba(250, 253, 161, 1.000)"
          ],
          [
           1,
           "rgba(252, 255, 164, 1.000)"
          ]
         ],
         "contours": {
          "coloring": "lines",
          "showlabels": false
         },
         "hoverinfo": "none",
         "name": "y1",
         "ncontours": 17,
         "showlegend": false,
         "showscale": true,
         "type": "contour",
         "x": [
          -3,
          -2.5,
          -2,
          -1.5,
          -1,
          -0.5,
          0,
          0.5,
          1,
          1.5,
          2,
          2.5,
          3
         ],
         "xaxis": "x",
         "y": [
          -3,
          -2.5,
          -2,
          -1.5,
          -1,
          -0.5,
          0,
          0.5,
          1,
          1.5,
          2,
          2.5,
          3
         ],
         "yaxis": "y",
         "z": [
          [
           2.0544332106438876,
           1.8404313987816374,
           1.6820276496988864,
           1.5683121854901687,
           1.4918246976412703,
           1.4477346146633245,
           1.4333294145603401,
           1.4477346146633245,
           1.4918246976412703,
           1.5683121854901687,
           1.6820276496988864,
           1.8404313987816374,
           2.0544332106438876
          ],
          [
           1.8404313987816374,
           1.6487212707001282,
           1.5068177851128537,
           1.4049475905635938,
           1.336427488025472,
           1.2969300866657718,
           1.2840254166877414,
           1.2969300866657718,
           1.336427488025472,
           1.4049475905635938,
           1.5068177851128537,
           1.6487212707001282,
           1.8404313987816374
          ],
          [
           1.6820276496988864,
           1.5068177851128537,
           1.3771277643359572,
           1.2840254166877414,
           1.2214027581601699,
           1.1853048513203654,
           1.1735108709918103,
           1.1853048513203654,
           1.2214027581601699,
           1.2840254166877414,
           1.3771277643359572,
           1.5068177851128537,
           1.6820276496988864
          ],
          [
           1.5683121854901687,
           1.4049475905635938,
           1.2840254166877414,
           1.1972173631218102,
           1.1388283833246218,
           1.1051709180756477,
           1.0941742837052104,
           1.1051709180756477,
           1.1388283833246218,
           1.1972173631218102,
           1.2840254166877414,
           1.4049475905635938,
           1.5683121854901687
          ],
          [
           1.4918246976412703,
           1.336427488025472,
           1.2214027581601699,
           1.1388283833246218,
           1.0832870676749586,
           1.0512710963760241,
           1.0408107741923882,
           1.0512710963760241,
           1.0832870676749586,
           1.1388283833246218,
           1.2214027581601699,
           1.336427488025472,
           1.4918246976412703
          ],
          [
           1.4477346146633245,
           1.2969300866657718,
           1.1853048513203654,
           1.1051709180756477,
           1.0512710963760241,
           1.0202013400267558,
           1.010050167084168,
           1.0202013400267558,
           1.0512710963760241,
           1.1051709180756477,
           1.1853048513203654,
           1.2969300866657718,
           1.4477346146633245
          ],
          [
           1.4333294145603401,
           1.2840254166877414,
           1.1735108709918103,
           1.0941742837052104,
           1.0408107741923882,
           1.010050167084168,
           1,
           1.010050167084168,
           1.0408107741923882,
           1.0941742837052104,
           1.1735108709918103,
           1.2840254166877414,
           1.4333294145603401
          ],
          [
           1.4477346146633245,
           1.2969300866657718,
           1.1853048513203654,
           1.1051709180756477,
           1.0512710963760241,
           1.0202013400267558,
           1.010050167084168,
           1.0202013400267558,
           1.0512710963760241,
           1.1051709180756477,
           1.1853048513203654,
           1.2969300866657718,
           1.4477346146633245
          ],
          [
           1.4918246976412703,
           1.336427488025472,
           1.2214027581601699,
           1.1388283833246218,
           1.0832870676749586,
           1.0512710963760241,
           1.0408107741923882,
           1.0512710963760241,
           1.0832870676749586,
           1.1388283833246218,
           1.2214027581601699,
           1.336427488025472,
           1.4918246976412703
          ],
          [
           1.5683121854901687,
           1.4049475905635938,
           1.2840254166877414,
           1.1972173631218102,
           1.1388283833246218,
           1.1051709180756477,
           1.0941742837052104,
           1.1051709180756477,
           1.1388283833246218,
           1.1972173631218102,
           1.2840254166877414,
           1.4049475905635938,
           1.5683121854901687
          ],
          [
           1.6820276496988864,
           1.5068177851128537,
           1.3771277643359572,
           1.2840254166877414,
           1.2214027581601699,
           1.1853048513203654,
           1.1735108709918103,
           1.1853048513203654,
           1.2214027581601699,
           1.2840254166877414,
           1.3771277643359572,
           1.5068177851128537,
           1.6820276496988864
          ],
          [
           1.8404313987816374,
           1.6487212707001282,
           1.5068177851128537,
           1.4049475905635938,
           1.336427488025472,
           1.2969300866657718,
           1.2840254166877414,
           1.2969300866657718,
           1.336427488025472,
           1.4049475905635938,
           1.5068177851128537,
           1.6487212707001282,
           1.8404313987816374
          ],
          [
           2.0544332106438876,
           1.8404313987816374,
           1.6820276496988864,
           1.5683121854901687,
           1.4918246976412703,
           1.4477346146633245,
           1.4333294145603401,
           1.4477346146633245,
           1.4918246976412703,
           1.5683121854901687,
           1.6820276496988864,
           1.8404313987816374,
           2.0544332106438876
          ]
         ],
         "zmax": 2.0544332106438876,
         "zmin": 1
        }
       ],
       "layout": {
        "annotations": [],
        "height": 400,
        "legend": {
         "bgcolor": "rgba(255, 255, 255, 1.000)",
         "bordercolor": "rgba(0, 0, 0, 1.000)",
         "borderwidth": 1,
         "font": {
          "color": "rgba(0, 0, 0, 1.000)",
          "family": "sans-serif",
          "size": 11
         },
         "title": {
          "font": {
           "color": "rgba(0, 0, 0, 1.000)",
           "family": "sans-serif",
           "size": 15
          },
          "text": ""
         },
         "tracegroupgap": 0,
         "traceorder": "normal",
         "x": 1,
         "xanchor": "auto",
         "y": 1,
         "yanchor": "auto"
        },
        "margin": {
         "b": 20,
         "l": 0,
         "r": 0,
         "t": 20
        },
        "paper_bgcolor": "rgba(255, 255, 255, 1.000)",
        "plot_bgcolor": "rgba(255, 255, 255, 1.000)",
        "showlegend": true,
        "width": 600,
        "xaxis": {
         "anchor": "y",
         "domain": [
          0.03619130941965587,
          0.9934383202099738
         ],
         "gridcolor": "rgba(0, 0, 0, 0.100)",
         "gridwidth": 0.5,
         "linecolor": "rgba(0, 0, 0, 1.000)",
         "mirror": false,
         "range": [
          -3,
          3
         ],
         "showgrid": true,
         "showline": true,
         "showticklabels": true,
         "tickangle": 0,
         "tickcolor": "rgb(0, 0, 0)",
         "tickfont": {
          "color": "rgba(0, 0, 0, 1.000)",
          "family": "sans-serif",
          "size": 11
         },
         "tickmode": "array",
         "ticks": "inside",
         "ticktext": [
          "-3",
          "-2",
          "-1",
          "0",
          "1",
          "2",
          "3"
         ],
         "tickvals": [
          -3,
          -2,
          -1,
          0,
          1,
          2,
          3
         ],
         "title": "",
         "titlefont": {
          "color": "rgba(0, 0, 0, 1.000)",
          "family": "sans-serif",
          "size": 15
         },
         "type": "-",
         "visible": true,
         "zeroline": false,
         "zerolinecolor": "rgba(0, 0, 0, 1.000)"
        },
        "yaxis": {
         "anchor": "x",
         "domain": [
          0.03762029746281716,
          0.9901574803149606
         ],
         "gridcolor": "rgba(0, 0, 0, 0.100)",
         "gridwidth": 0.5,
         "linecolor": "rgba(0, 0, 0, 1.000)",
         "mirror": false,
         "range": [
          -3,
          3
         ],
         "showgrid": true,
         "showline": true,
         "showticklabels": true,
         "tickangle": 0,
         "tickcolor": "rgb(0, 0, 0)",
         "tickfont": {
          "color": "rgba(0, 0, 0, 1.000)",
          "family": "sans-serif",
          "size": 11
         },
         "tickmode": "array",
         "ticks": "inside",
         "ticktext": [
          "-3",
          "-2",
          "-1",
          "0",
          "1",
          "2",
          "3"
         ],
         "tickvals": [
          -3,
          -2,
          -1,
          0,
          1,
          2,
          3
         ],
         "title": "",
         "titlefont": {
          "color": "rgba(0, 0, 0, 1.000)",
          "family": "sans-serif",
          "size": 15
         },
         "type": "-",
         "visible": true,
         "zeroline": false,
         "zerolinecolor": "rgba(0, 0, 0, 1.000)"
        }
       }
      },
      "text/html": [
       "    <div id=\"4766183a-0fad-440f-a4d3-a1c26b3af1a8\" style=\"width:600px;height:400px;\"></div>\n",
       "    <script>\n",
       "        requirejs.config({\n",
       "        paths: {\n",
       "            Plotly: 'https://cdn.plot.ly/plotly-1.57.1.min'\n",
       "        }\n",
       "    });\n",
       "    require(['Plotly'], function (Plotly) {\n",
       "\n",
       "        var PLOT = document.getElementById('4766183a-0fad-440f-a4d3-a1c26b3af1a8');\n",
       "    Plotly.plot(PLOT, [\n",
       "    {\n",
       "        \"xaxis\": \"x\",\n",
       "        \"colorbar\": {\n",
       "            \"title\": \"\"\n",
       "        },\n",
       "        \"colorscale\": [\n",
       "            [\n",
       "                0.0,\n",
       "                \"rgba(0, 0, 4, 1.000)\"\n",
       "            ],\n",
       "            [\n",
       "                0.00392156862745098,\n",
       "                \"rgba(1, 0, 5, 1.000)\"\n",
       "            ],\n",
       "            [\n",
       "                0.00784313725490196,\n",
       "                \"rgba(1, 1, 6, 1.000)\"\n",
       "            ],\n",
       "            [\n",
       "                0.011764705882352941,\n",
       "                \"rgba(1, 1, 8, 1.000)\"\n",
       "            ],\n",
       "            [\n",
       "                0.01568627450980392,\n",
       "                \"rgba(2, 1, 10, 1.000)\"\n",
       "            ],\n",
       "            [\n",
       "                0.0196078431372549,\n",
       "                \"rgba(2, 2, 12, 1.000)\"\n",
       "            ],\n",
       "            [\n",
       "                0.023529411764705882,\n",
       "                \"rgba(2, 2, 14, 1.000)\"\n",
       "            ],\n",
       "            [\n",
       "                0.027450980392156862,\n",
       "                \"rgba(3, 2, 16, 1.000)\"\n",
       "            ],\n",
       "            [\n",
       "                0.03137254901960784,\n",
       "                \"rgba(4, 3, 18, 1.000)\"\n",
       "            ],\n",
       "            [\n",
       "                0.03529411764705882,\n",
       "                \"rgba(4, 3, 20, 1.000)\"\n",
       "            ],\n",
       "            [\n",
       "                0.0392156862745098,\n",
       "                \"rgba(5, 4, 23, 1.000)\"\n",
       "            ],\n",
       "            [\n",
       "                0.043137254901960784,\n",
       "                \"rgba(6, 4, 25, 1.000)\"\n",
       "            ],\n",
       "            [\n",
       "                0.047058823529411764,\n",
       "                \"rgba(7, 5, 27, 1.000)\"\n",
       "            ],\n",
       "            [\n",
       "                0.050980392156862744,\n",
       "                \"rgba(8, 5, 29, 1.000)\"\n",
       "            ],\n",
       "            [\n",
       "                0.054901960784313725,\n",
       "                \"rgba(9, 6, 31, 1.000)\"\n",
       "            ],\n",
       "            [\n",
       "                0.058823529411764705,\n",
       "                \"rgba(10, 7, 34, 1.000)\"\n",
       "            ],\n",
       "            [\n",
       "                0.06274509803921569,\n",
       "                \"rgba(11, 7, 36, 1.000)\"\n",
       "            ],\n",
       "            [\n",
       "                0.06666666666666667,\n",
       "                \"rgba(12, 8, 38, 1.000)\"\n",
       "            ],\n",
       "            [\n",
       "                0.07058823529411765,\n",
       "                \"rgba(13, 8, 41, 1.000)\"\n",
       "            ],\n",
       "            [\n",
       "                0.07450980392156863,\n",
       "                \"rgba(14, 9, 43, 1.000)\"\n",
       "            ],\n",
       "            [\n",
       "                0.0784313725490196,\n",
       "                \"rgba(16, 9, 45, 1.000)\"\n",
       "            ],\n",
       "            [\n",
       "                0.08235294117647059,\n",
       "                \"rgba(17, 10, 48, 1.000)\"\n",
       "            ],\n",
       "            [\n",
       "                0.08627450980392157,\n",
       "                \"rgba(18, 10, 50, 1.000)\"\n",
       "            ],\n",
       "            [\n",
       "                0.09019607843137255,\n",
       "                \"rgba(20, 11, 52, 1.000)\"\n",
       "            ],\n",
       "            [\n",
       "                0.09411764705882353,\n",
       "                \"rgba(21, 11, 55, 1.000)\"\n",
       "            ],\n",
       "            [\n",
       "                0.09803921568627451,\n",
       "                \"rgba(22, 11, 57, 1.000)\"\n",
       "            ],\n",
       "            [\n",
       "                0.10196078431372549,\n",
       "                \"rgba(24, 12, 60, 1.000)\"\n",
       "            ],\n",
       "            [\n",
       "                0.10588235294117647,\n",
